positive/n02106662_12028.jpg 1 71 71 370 314
positive/n02106662_13599.jpg 1 77 77 358 254
positive/n02106662_27393.jpg 1 12 12 384 302
positive/n02106662_22764.jpg 1 31 31 525 420
positive/n02106662_590.jpg 1 40 40 424 322
positive/n02106662_17240.jpg 1 37 37 155 493
positive/n02106662_26549.jpg 1 12 12 343 492
positive/n02106662_25986.jpg 1 7 7 489 361
positive/n02106662_3431.jpg 1 4 4 464 356
positive/n02106662_20732.jpg 1 78 78 491 366
positive/n02106662_23691.jpg 1 15 15 487 362
positive/n02106662_11808.jpg 1 9 9 257 200
positive/n02106662_21432.jpg 1 11 11 159 282
positive/n02106662_4402.jpg 1 20 20 287 255
positive/n02106662_712.jpg 1 215 215 306 465
positive/n02106662_5169.jpg 1 6 6 477 300
positive/n02106662_2810.jpg 1 19 19 349 483
positive/n02106662_23360.jpg 1 19 19 319 217
positive/n02106662_808.jpg 1 10 10 410 434
positive/n02106662_10490.jpg 1 18 18 266 437
positive/n02106662_7960.jpg 1 18 18 325 487
positive/n02106662_21715.jpg 1 31 31 596 448
positive/n02106662_7885.jpg 1 82 82 355 470
positive/n02106662_2358.jpg 1 12 12 460 282
positive/n02106662_24768.jpg 1 10 10 483 347
positive/n02106662_13912.jpg 1 37 37 435 321
positive/n02106662_4021.jpg 1 47 47 292 407
positive/n02106662_6088.jpg 1 10 10 199 147
positive/n02106662_15813.jpg 1 33 33 287 373
